010000000100111110110101011
110000101011011001001010100
010000100011100010001101000
010000101010110001011000100
010000010010100010011111100
110000001010111001011100000
110000100111100000001111101
110000010010101110001101001
110000011101011000011101001
110000101000110010101110101
110000011000001110000011010
110000101000011001100110110
010000011110111111110001011
010000001100101111000011001
010000011000011111111010110
110000010000100001000000100
010000101100010101110111100
110000101011111010001111110
110000100111111000001011010
010000100010100010000001011
110000100100101000011111011
010000010101110000100001010
110000011111000110011011111
010000100111111101011111111
010000101001010110000111011
010000100110011110001001100
110000010011100111001000111
110000011010111110000101011
110000100101101110100100011
110000001010101100000111110
110000100011100100011001100
010000100100100001100001100
010000010111101110001111011
110000011101110000111000110
110000100011001100000111001
010000010111110110100100010
110000101001001101010101001
110000100101111000100010010
010000101001010101100000101
010000101011011101100001011
101111110000111010111010111
010000101010101011111111111
110000101010101110110000110
110000100010100001011110111
110000010011110001111100100
110000100001101110100001110
110000101100011101000010000
010000000100101011111111010
010000001101101000011011111
101111111101101010001100101
010000100100100110101000101
110000101001000110000001011
110000010010001100000010111
110000101001100101100101010
110000101011011001010000101
010000100101111111011111110
010000100111111110100010010
110000101000010011001111110
110000011001100111000011110
010000100111011000100100110
010000011010110000001000001
110000011010011101001001001
010000100011000010001011000
010000101010100001111100001
010000101000110111110101000
110000101001111101011001010
110000011110010010101101100
010000011100010011100001111
010000100111110111010001000
110000101011100001101011111
110000101100001110111001100
110000011011111111000001010
110000101011001010011111010
010000100000100010000011110
110000010011110100101100001
110000011011000001100111100
110000000100010101000011111
110000011001110010111101000
001111111100110010111010110
010000100111101001101010100
010000101010000000100101011
010000101011010110010101010
010000101100001000100000100
110000011010000000001000110
010000101000011000111000011
110000100100101010001111110
010000100110100000111000111
110000011100010111011111001
010000010000100011100100011
010000100110001110111001111
110000011111000101000111011
010000100011101100011100010
010000100010100100001011100
010000100001011011110000110
110000100101101001000001001
110000101000010110111001101
010000100110001001000011011
110000101010000010101101011
110000101100001101100100111
010000101100010101101101001
