010000101111101100000110100
010000101111110000111000100
010000101111100011000110100
010000101111101001000110011
010000101111101111100011001
010000101111110000010110010
010000101111100100110001101
010000101111100110111011010
010000101111101110011010000
010000101111101011010100011
010000101111100111111100000
010000101111101100010110010
010000101111101001101100110
010000101111101011001001101
010000101111110000101000100
010000101111101010111000000
010000101111101111000011000
010000101111101111111010100
010000101111110110011110101
010000101111110101100001100
010000101111100100111111000
010000101111110011011001000
010000101111101011100110001
010000101111100111110000101
010000101111101011110001001
010000101111101110011011001
010000101111100100111010110
010000101111101001010010111
010000101111101001110010110
010000101111100001000110111
010000101111100111001011000
010000101111110001110000011
010000101111110110011100101
010000101111100100100100110
010000101111110000000001110
010000101111101011101001000
010000101111110111111000100
010000101111101010000110101
010000101111110101000110101
010000101111100111000111110
010000101111101111101101001
010000101111110111001000010
010000101111100011010101100
010000101111100101111101001
010000101111110110110110011
010000101111101001001001101
010000101111110110101010000
010000101111101010101111100
010000101111101000100110111
