001111111101011001101001001
001111111000000000100100000
010000000011110010011100000
010000000000011001010001110
001111111001100000110100000
001111111000100111000111010
010000000010110101110100100
010000000001100111111100101
001111111010110011010010000
001111111110010010001111000
010000000001000011010110011
001111111101000111110101010
010000000000000011100111100
001111111110011110010010001
001111111000010010101001100
001111111110110010001101111
001111111010000101000000011
001111111001000110011011000
001111100101101100001000010
001111101011001000110110111
010000000010101110001110000
001111110010010111110000010
001111111101111110000110110
010000000001001001110000111
001111111101110001110000101
001111111010110001111111010
010000000010110000100101111
010000000000010010001111001
010000000000000000010000110
010000000100111010101111101
010000000001011111000001101
001111110110000011001101011
001111100101111110011000010
010000000010111101000100001
001111111000111110010001111
001111111101111010111001110
001111001000100010100101010
001111111111101001111110001
001111101101000001101001011
010000000001100000110111001
001111111001010101100010110
001111011111101011110011100
010000000011101001111011011
010000000010001011000110100
001111100010010110110100100
010000000000010111011100111
001111100100000101101011010
001111111110111011111010001
010000000000101011000110101
001111111011000000010111011
010000000010000111111100011
001111110110010110001110011
010000000000001100000011110
010000000001111011100010111
010000000001100001010111000
001111110101101001011111110
010000000011100110101000010
010000000011010100001011111
001111111000000100111101011
010000000000000100111101010
001111110110101110001011101
001111111000011101101011110
001111100000100010010010101
001111111000010110100010110
001111110110011110010100100
001111111101110010110100011
010000000001010110000001010
010000000001011001101110010
001111110011011001101000110
001111110010100100000101110
001111111110010011010110000
010000000000010010100000111
001111111010110011010111110
001111111101001011111000010
010000000100110010110011001
001111111100010000101101010
010000000100011111010000000
001111111111011001000001110
001111010000111011010100001
001111111101111100101100010
001111101110001111100010001
001111111101001011101101100
010000000101000010011100110
001111110100010001010110111
001111111100101011111011110
001111111101101100000010100
010000000000110011100010100
001111111001100101111001111
010000000011101001000110101
001111111011011110000001010
010000000011010111011011101
010000000011010010101101000
010000000100011110101110101
010000000100010101100001100
001111111001011000001011100
010000000011111011101000111
001111111101110101110100001
001111110001111000100000011
010000000000001011111001000
010000000100011101111000100
