1.675085
1.001101
2.947025
2.098746
1.189091
1.076395
2.710239
2.406045
1.350162
1.785617
2.263091
1.640298
2.014130
1.809148
1.036425
1.848083
1.259777
1.137544
0.213899
0.348075
2.680545
0.648199
1.746301
2.288144
1.722187
1.347635
2.689816
2.071236
2.001029
3.229476
2.371195
0.878135
0.218355
2.738539
1.121643
1.740045
0.016680
1.956975
0.407054
2.378369
1.167078
0.122535
2.913785
2.543372
0.161822
2.091608
0.188886
1.867011
2.168374
1.375715
2.531034
0.896706
2.047110
2.482598
2.380316
0.853024
2.900897
2.828856
1.009687
2.019366
0.920100
1.057979
0.133372
1.044030
0.904610
1.724255
2.336015
2.350484
0.712538
0.660245
1.787784
2.072323
1.350335
1.648202
3.198440
1.532633
3.122076
1.923883
0.034870
1.743539
0.445085
1.647877
3.259573
0.766952
1.585811
1.711017
2.201331
1.199032
2.910566
1.433634
2.841536
2.823062
3.120037
3.084079
1.172227
2.982964
1.730108
0.617683
2.046454
3.116736
