010000101011011011101110011
110000001101110000000000010
010000100011000101111000010
110000001001110000110001100
110000010110000011111001110
110000011101111100111010110
110000101000100001101010110
110000100011111001000011011
110000100010101011000000101
010000101001010010001111000
010000100101111101110100110
110000100000111001101110010
110000011010101110010101011
010000100101000010110101011
010000011111101010110011010
010000010010111001110001000
010000100111110100011010100
010000000011110000111000100
110000100111100111011010001
110000101000000101111001011
010000011001101010101110101
010000101000001100010001011
110000101100010100111010010
110000010011110000011001000
110000101011011100011100011
110000101000110110001100001
101111111100110111111110011
110000101000011111000010011
110000101001111111110101010
110000101010111001010111110
010000010010111010101001000
010000101001011001111100010
010000011000101101110111111
010000101011010000001110100
010000101010111010101110110
001111101111001001010110111
010000100101101000110110110
110000011001010010101111110
010000101011001011110101000
110000101010001100000100101
010000101000110001111011110
110000011111001011000001110
101111110110010010000100001
110000100111100010101100001
010000010011101111110011101
010000010000001010001001101
010000101000010011111011111
110000101000000111011101011
110000000111000011000110101
010000101010101100100001000
110000011100110110110010011
110000100110110010100110111
010000101011100110010010100
010000101001010010110000100
110000101011111010010000010
010000100100110110010110011
110000100001101010000101101
010000101001100110101100111
110000100000111110010000111
110000101001001011000101100
010000100110000100010001101
010000010110100010111111010
010000100011111010111101100
110000011010011000100001110
010000101100001111111011100
110000011110000111010100110
010000001000011101011111100
110000011000110011010110110
110000101001000111101110000
110000010111001100110001001
110000101010000100101001010
110000001111010001000110001
010000100110000111110001101
010000100110110000100011010
010000100000101001001000101
010000101011000000000010000
110000011111000010001011100
010000100001011111000010011
010000011001101011100000000
010000101000011110000001111
110000101000001110111100000
010000010100101111100100000
110000100111000011111111111
010000101001110100101100111
110000101011011000100100001
110000101000000100111000010
110000010011101100101011011
110000101011010100010011110
110000011001000000101010101
110000100000001010001101001
110000100111111100100100001
010000101011001110011110111
110000101100011110001101101
010000010101110011100100010
010000101000010101010100111
010000011011010100001000101
110000101001011010101001011
010000101011000110111110001
010000100110011101100000010
110000100110100010010110111
