010000100110011110000011111
010000101010101101011111110
010000011000000001001110010
110000100101110111010001010
110000100010011110111011111
110000100011111111001111111
010000101010001001110111111
110000010101111111110100001
110000011110010100010100111
010000010111000111000000001
001111111000010001101111110
010000011010110110011100100
110000011100011110010111100
110000101010011101000010100
110000100100011011101000001
010000011100010000010101001
110000001101101010010011011
010000100001011101100111010
110000100011110010111010001
010000101011101011000011011
110000100011001011101110110
001111111011101110001110101
110000100010001011100010101
110000101001111111000101100
010000101000100100100100001
110000000110100010010001011
110000101001110001001111100
110000100000100011101011100
010000011101011001010010101
010000100100111001101101010
010000101000000110111010011
010000011110101110111001111
110000101000000111100110000
010000100101101111110111000
010000100100101110000111011
010000101001000001110101111
010000101010110110110001011
010000011110010111101101011
010000101010010110000110100
010000100111100010110100011
010000011001000110100111101
110000101001010011100000001
110000101100000100001001010
110000101010100100101100110
110000100001111000101010110
010000100101010110101110001
110000000100011110001111010
010000011110000000010110001
010000010101001011100011110
010000100100000100100100111
110000100101110101101001110
110000101100010001110000110
010000100011110001001101111
010000011100001100000000010
110000011000000101101111010
110000011101000111100101101
110000101010101110110100000
110000011110111101101000000
110000011101110000101111010
110000100100011100000111011
110000011000101111011111110
110000011111101100101000110
110000010011111100110100001
010000100001000010110001100
010000001010101010111110000
010000011110001001001000101
010000100010110111000101000
010000100110001100011001100
110000100000110011001000100
010000101011001111100111110
110000101000110001001100111
110000011111110100100010010
110000101100011101101111111
110000100011100111100101000
110000101001010101101001011
010000001111111010011011111
010000011111000010001101010
010000011001101110011001110
010000010111010101100001100
010000100001000010111011001
110000100000000111110000100
010000101001100010000011100
010000100110001110011110010
010000100101111011001110110
110000011110111011110010011
010000101011100111011011110
010000010001110101001100000
110000100110101100001010101
110000101001110110010111000
010000100011110100001110001
010000100111101101100110110
110000100100000001111100011
010000100001001100000100100
010000101001011100010110001
010000100001011101101111110
010000100011110010001110101
110000011100101101101101000
110000010111110100110111100
010000011001001001101011101
110000101001110110011101011
