110000101010110000111111000
110000100101010110011001001
010000100001111100111101111
110000100000011101110100011
110000010110101110100111000
110000010000110110011010110
010000101000101100001000111
110000011000011101010111100
010000100101111110001110011
010000101011101011110010001
010000100010101011100101101
010000010000111000011011101
001111110110010101010110101
010000100000101001001100111
110000011111110000110000010
110000100000000000011010111
010000101001010101110110000
010000101100000100110011111
110000010110101101001000010
010000100110001110001101001
010000101011010111001110101
010000100010110110011001001
010000100101100110010000100
110000010010111100000001110
110000101001101011100001011
110000100110110000110011010
110000100100111111011110101
110000100100111000101100111
001111110111001011101011000
110000011000011101000001001
010000101010101100110110111
010000010010001101100010010
010000001000000101111100011
110000100010111011100011001
110000101011101101100000111
110000100001110001110100001
010000011001110100101010110
010000011100101110011011011
110000100000000100011111010
101111111011010011100000101
110000100100000110011001000
010000100001001010110111000
110000101100011111001100000
010000100001100110011100111
010000100010011001110000111
010000100001101000101100100
010000010001100010000011111
001111110110011110101101101
010000100101011101100001010
010000011110111010000010010
110000011000101100111000101
110000101001011110111111000
101111111100001010010001110
010000100110101100000001011
110000100011010011010110110
010000100010101011110011100
110000010001011001010001101
110000011011001110111100001
110000101011010011110110010
110000100100011101000000001
010000010000100010011111110
010000100011100011000101101
110000001110100111010010111
010000100000110011001010100
110000101000110110111010000
010000100001101001001010000
110000101011101011010100011
010000101010001010111011011
010000101001010111110110000
010000101001010110010101101
110000100110000010100101000
010000101010011010111111010
110000100000001011001010001
010000011101100010011111011
010000101001001100100110000
110000100110010001111100101
010000100010010010000011000
010000101010010010100101000
010000100101001001111101110
110000011100010000000010111
110000101011101000011111000
010000010110001100011110011
010000100000100001000111111
110000011000101100111110010
110000011100010011011011010
110000100011100011000011100
110000101001110110100101000
010000101010010100100111111
110000101011110011011101001
110000101010000100001100011
110000101001111010010010010
110000101100011110110100001
010000010101101011010000011
010000010101000000001100101
110000101011010100111101000
010000100000100101010010010
110000100010110101110110100
110000100100000100100000101
010000101010011110000100100
110000101000100010100011001
