010000100101100001010001011
110000100010110000101011001
110000010001000001100101010
110000100001001111110111100
010000100110001011011011110
010000011101111001001011110
110000101010010111000000010
101111111000011001010101110
010000100011101111111111111
110000011101101101101101111
010000100010011111000001110
010000100001001111011110011
110000100011010000010101011
010000101000011011010101001
010000100111011111100000011
110000101001111011000000000
110000101001011000001111101
110000010110111011101000110
110000100001011100101111101
110000100010111100010011111
110000101010101101010111111
110000101011110001011010001
010000010111111011101011101
110000001100000111100111010
110000011100011010101011110
110000100001100000111011101
110000101011000011010010000
010000101011001100000011111
010000100011110110000110110
010000100000000001111010101
010000011011001101111101111
010000101000101001100010000
110000100010010110001100111
110000101011111001111010000
110000101011100111110110100
010000011111101010111011110
010000100100000011011111100
010000101000001101001010111
010000101100001010111101101
010000101000000011110000110
110000101010000111010010101
010000100111001101001100000
010000100111011111000110011
010000010110100100001100010
010000011010100110100110101
110000010101011101111001011
110000011010101010100111011
010000101000110011000010010
010000011001001100100101000
110000100011111011010000100
010000101001110001111100100
110000011100111100110110101
110000101000111010101110111
110000100101011011000101001
010000101100000100010011001
110000101100011000111011001
110000011010010010100100011
010000101010110111111111010
110000100101101101001001110
110000010000011001000011111
010000010011110111000000010
010000100111110110000001110
010000100011000101011110101
110000101000000101111001110
010000100111101110100010100
110000100100000110101010100
010000010011010100001010110
110000100001110011010000111
110000101001001111001110000
010000001110100010011101110
110000101010011100111011010
110000101011100110101000111
110000100100001000110011111
010000101010001011011000000
010000101010010011011010011
110000101010011111011010010
110000100011000001011111101
010000011101111100101001101
110000011001011000101001111
010000001111101101100001010
110000101000110011100011010
010000011000001110001001111
110000101011101100100111010
110000100000000111000000011
010000100011110011000110110
110000100111010000011011001
001111111101001101101010010
110000100100010000110110000
010000011101111100011101010
010000011100000110100010011
010000101010110101001111011
001111111100000111011101100
110000101000100111010000101
010000001100000101010110110
010000010101010101011011011
010000101010010100001001001
110000101000001001011011010
010000101001011111101001001
010000100110110110101111001
110000100011000001010111011
