110000100100101001101010000
010000101000110101011001100
010000011000111001100001010
110000011100011101100011011
110000101001110001001010111
010000011101100111011100101
010000101100011011011110101
010000100010000001100110110
110000100001111010010110100
010000100111110010111001010
010000101011111000011110100
010000101001111110111001001
110000100110110110111010111
110000010001110010111111111
010000101000110001001011001
110000101000100011010100111
010000010100110100101110010
010000101011011110000101110
110000101100010100011110101
110000010010010110110110101
010000101011101111010110000
010000100010001101110111011
010000100011101101001000111
010000101000100000101111100
110000011010000000000100101
010000100110110011000100001
010000100100111110100111011
110000100000110011011111110
001111110010010111011000001
010000000100100010010001100
110000101000110101111110111
010000010010001101001000010
010000101001010011010001101
010000011101010001111100000
010000011101101101111010111
010000101011000110100111111
010000100011001101101110001
110000001001111001011010001
110000100000000010111111100
010000001110101001100010110
110000100001101001001001100
110000011100100000001100101
110000010001100111111111110
010000100100001000000011001
010000011101010011100111110
010000011110111000011101100
010000100100000011100110001
010000100111001110101110111
010000100111001001010111001
110000011001011011111011100
010000100101111011011111101
010000100110011111110111000
010000101011100110100010000
110000101000101110100011000
010000101011010100111000010
110000101011101011110101111
110000101001101001111010111
110000101001111011000111100
010000101010111100110110010
110000100111001101000101110
110000101001010110001011001
110000100010111100110000100
110000101010000000111000010
110000100010001111011100101
110000011100100001000110011
110000000101011100110011000
110000100110100110011000010
010000101001100011011011111
010000100001100100101110010
010000100010001010001010010
110000100001110100011111111
010000101010011101011011111
010000010110000100100101001
110000101100011111111010010
010000010000101110000011110
110000011010000111010100001
110000100100010111110100100
010000100011110110001111010
010000100111101010011110110
010000100011101110111100011
010000101010010011010001001
110000100000011010101111110
110000100110010111011111110
010000101011011010011100000
110000101100011111100011101
010000100011001000010001101
010000101010111000010101000
010000011101100000101110100
001111111110101001101001000
010000100101010001111101101
110000101100011101111101110
010000011000110001010000000
010000101000011111001100110
010000100011010000110100010
110000100010101110101011110
010000101001110111010100011
110000011111001001010101111
110000100101100100111100001
110000011001000110011011101
110000001011001101001001110
