110000100001011111100001001
010000101001111001111100110
110000100001010010011101000
110000101011001101110110101
110000010000000100011010111
010000100011001000101100000
010000101011110001010100000
110000100010010111001111111
110000101000001110011010100
010000100111100110000010111
110000101001010111001010000
110000101011111110001110011
010000101011011110111111110
110000100100011101001111000
010000100001101100000100111
010000100000101011011101010
110000100100001010001101000
010000000110011101010001101
010000100100000100010000011
010000100000101001001000010
010000101001101010011101010
010000011001000011010101011
110000101000001101001011111
010000100001110110010011110
110000100010100110110101110
010000010110001111110100010
010000101011011111000111010
010000101000110011111111000
110000011011101101011101010
010000010010000100011101101
110000010110001000101011101
110000101100011100101101001
010000011100001111100111001
010000100000011111011010100
010000101000100000111100011
110000010101111001010011100
110000010100100000110000111
110000001100111000001101100
110000001111001101101110100
010000100000001000110100010
010000100111011100011101010
110000101011100111110101100
010000100010010101001000110
110000101010101000101101100
110000100111111111000001100
110000101011100101110100100
110000101001001011000110100
010000100100001001011001100
110000101010000011101111001
010000101011011100111011011
110000101100000000110011101
110000101000111101110111011
010000100111001111101011100
010000101100000000101111000
110000100101011010100100111
010000101001110001101011001
010000101000100101111100001
010000100010100010111101101
010000100011101110010111100
110000100111100101000101011
110000100111100001000000010
010000101001100111111000100
010000001111110100111011110
110000100100000010010011010
110000101000000101011110011
010000010000000011011011101
010000011010111100101010010
101111111101110000110110111
110000101011000000001101101
110000010001001011111011110
110000101100010100100110111
010000101011011101010011100
110000100000000101100101111
010000101000110110100100001
110000101010010011001110010
110000100011110111100111000
110000101010010011000111110
110000100011110001000100011
110000101001110000010110110
010000100111111101010111111
010000100101010111110110101
110000101100010111001110010
010000010001000000000000111
010000100011100001100111010
010000101010100101000100010
010000100101111101010110000
010000100110011000000001100
010000000101011011101000101
010000001101010111111101001
110000101001110100111011100
110000011001111000111110011
010000011010111101100101100
110000001111100101011101010
110000101100010101000001001
010000001100110100011010010
010000001110011010100001101
010000011001000101011001000
110000101000100000110010001
010000101010000101011001011
110000101100011111111111110
