010000101000001010011101010
110000100111010110101000000
010000010100101001001110010
010000101010001000111000101
110000011011101000010110010
010000101100010011000001101
110000011000111101111111000
010000101010101011110011101
010000100001010110111011001
110000101000110000110110001
110000010100001100000111111
110000100111000011000011110
010000011111100111101110111
110000100000010000101001100
110000101001000000111100101
110000100110100100101001110
110000100010100001010000010
110000101010011010110111011
110000101000101001110001000
010000101011001011101100101
101111100000111110100011011
010000100101000110100111101
110000011001011101101110111
110000010010111101100001111
110000010111101011001000001
110000101011010001011001101
110000011110100000000010000
110000100001000111100100000
110000011100111110100010010
110000101011001010000110110
010000100101000101110001001
010000101001111000111011010
010000100001000010100001001
010000100001001110000101011
110000101000111010100001010
010000100001111001111111101
110000101000100011111101100
110000101010110111110100110
110000100010001001001111000
110000101000110111101101010
010000101001000110001001001
110000010001100110011101010
110000101001000110101101010
010000101001010101111011111
110000101010000101110001011
010000001010111110011011011
110000101010001110110101010
010000011001010000001010111
010000011101000100001000101
110000101001001001001011001
101111100101101001010111110
010000100101111101101100001
010000100001111100011011001
010000101100000001011010100
110000101000000100111110001
010000101001000111000001010
010000011100101001101010111
010000101100000011010000001
010000101010111001010101011
110000011000110011000110101
010000100000011010011000100
010000101000100001110111111
010000101100011000111110011
010000100100110111000000011
010000101100011111110010000
110000101010111110000111010
010000011000101010011010011
110000100111001101001010011
110000101100011100101000001
010000011011010110111010001
110000101001111011110110011
010000010000000101101010100
101111110111101111011100000
010000100100011000110100001
110000010001000000111010000
110000100010111101101000101
110000001100110011101100010
010000101001000101001101011
110000000101101001001011011
110000011010101001111000100
010000100011011110110111101
010000011010010101011010100
010000100000101100001001101
010000101100011101101001111
010000011100001000000101110
010000100110000101110110111
110000101010110111000110100
010000100010100100001000011
010000101100001001110011111
110000100011001100110001110
110000101001100010101111100
110000010000001011001110010
010000100001001010011101110
010000100110010111101110001
010000101000011010000000010
110000101011111111101111101
010000101000110111001001111
010000101100011001100010101
110000010010011000100001000
110000100011111110011110011
