110000101100000000011100111
010000101010000000111111010
010000100111000111111101110
010000011011011000111100100
001111101111000101000001011
010000100000111001000000001
010000010010001000110001001
010000101001010001010011100
110000100010001011001100110
110000101010001011011100101
110000101000010000110101100
010000100110011000101011011
001111110111110000000001010
010000011010100000000110010
010000100000000011010111110
010000101001011001111000110
110000100001000011001001000
110000010100100111011101111
010000101010011101010001000
010000101001011101101000001
010000100111100010111111010
010000100010110100010001001
110000100101000010011001001
001111111101111000011000101
110000101000111101110111011
010000011011000110100101100
110000100101001101010010110
010000101011100000000000001
110000101001001111011001101
010000100101110000010101000
010000010111100011011011001
010000011001010111010000111
010000001111110100010100001
010000101010000110110001111
010000101001001011100101111
010000101010000010000111001
010000101010010111010001000
010000100100101100110100010
110000011101011010110111010
110000100001100000011010001
110000100001001110110111101
110000101000011011110010010
110000101001000000001010000
010000100010111000111100100
010000011101010111010000110
010000100011110000001100010
010000010010000100011000110
110000101001111111010010011
010000011001111001101100110
010000100001001100101111001
110000011001000100100110010
010000101000011110011101111
110000101100001010100101100
110000101001000010010001100
010000101010100011111001000
110000011111100000000110010
001111110101001011101010101
110000100111100011000111100
110000100111010011001001111
010000101000110001001111001
110000101011000010110100010
010000101011100101100001111
110000100111100001110010101
010000101001110111110111101
010000100000111111010000110
110000100010010001100110111
110000100010010000111111101
010000011000100000011100100
110000010100000100100101010
010000100110110001101001001
110000100000000000000111010
010000100101000001100110011
010000101001100011100011010
110000100110110011101110111
110000011011001110011101011
010000100000111111001110110
110000101100000000111000000
110000010100011110010110001
010000100001110000001101010
110000100111000100111100100
010000100111110011000110001
110000100101110110100010000
010000101010110110000010110
110000101000000011001100000
010000100010000101011101101
110000101001100101001001100
110000100010110101101000010
110000100000111010111000111
110000100000000010100100100
110000010100010001000011001
010000010101011011000100111
010000100010100011101111110
110000010010001111101000001
010000010010011100010001111
010000011010110011010001001
010000101011001010001110010
010000100000111110001011110
010000100101111100001001011
110000101001111101101100000
010000011000000101111000111
