010001001100011010110001010
110001100001111111000010001
110001011000100010101011101
110001100001111000101100010
010000111010000001101101100
110001100100100000010111011
110001100010010001110110110
110001010011010110000110101
010001001011011110110101100
010001010011110011000011111
010001100001111111010011100
010001011011000011111001001
110001001010011100101110110
010001010011110011001100100
010000111110010101010011000
110001010000111010111100000
110001010100001001100100111
110001001010011111010011010
010001011111100110011111011
010001100100100011011101010
110001011000111010001110111
110001001011110110110001101
110001010001000100100011001
010001011000010011100010100
010001011110100100101111110
010001000010101010100001100
010001010101011100011100100
110001011001101000010000001
110001011110110100110111111
110001000110100100011011000
010001010000110001100000101
010001010011001000000000110
110001001110010110110001010
010001100001100101010111000
010001010100001110111000100
010001010111000000111010001
110001011011101010000100101
110001011011001011001100011
110001001101000111001101110
110001100010001101010001001
110000111000100001011100100
110001011011011000111001111
010001100000100010100100001
110001011010001011001111100
010001001101100000101100010
110001011011110001001111000
110001001101100100110111101
010001000101110110111000110
010001001101100111000101000
110001001000100000101110110
110001000010000010000111000
110001001110001111011100000
110001010011001110110010010
010001011000101101111100011
010001010000100111101101001
010000110000011010101101000
110001011000111000111101010
110000111001011000011001000
110001011100010101011100010
110001011110110101110000110
110001011011110111010101111
010001010001010001101110110
010001011000010110111110010
010001100010111110010100010
110001011000100011000100000
110001010011111001010101101
110001011010011010010100001
110001001100011001101000000
010001011000011011010111101
010001011100111100101001010
010001010110010010110001010
010001011100011101100110000
110001011101110100010111010
010001010010000011101110000
110001010101001011011110100
110001001101000100010001001
110001000111100010111010100
110001001111110101101110110
110001010011100010100111011
010000111010001000000010000
110001010001111010010011110
110001010000000110101010001
010001010101011110100100011
010001010111010101111000010
110001001000111011010011001
010001100010110100111001110
010001001110011101101010010
110001010000110111101111001
110001011001101000111011010
110001010000111100100001101
110001001011010011110011000
010000110111110011001011110
010001010110011001101100100
010001001110111111100100000
110001010100010110110101000
110001010000011101100011010
110001001100000100100111110
010001010001100001100100101
010001001000100110100100101
