110001011001110000111011111
110001100000011111000001000
010001011010011001111111010
010001011101100001001100001
110000011101101001010100000
010001000100010010011110110
110001001000011010000010000
010001011000100000110111010
110001000010001110100001100
110001010011110100001000011
110001001001011100101010000
110001011101010111111001001
110001010101101010110001000
110001100000100010100110100
010001011001001000001110101
010001001110001010000110000
010001011111010001001010111
110001011011110111011010001
010001010111100010001000010
110001001110010110001100100
110001001001001011100011100
110001011011001001111111001
110001001100011110000110100
110001010000110010100111110
010001011011111110110110001
110001100010000111010000101
110001011010111111010100110
110001000011110101110101000
110001001101000001101110101
110001000100011101100010110
110001010010110000000010001
110001100010011001100110001
010001010101101110110010000
110001011011110010011100011
110001100000010001101001111
010000101000001110100101000
110001010000010011001101000
110001010110000001111001010
010001010011101100111001100
010001011001000111100101011
010001001101101110101001000
110001011100101001011110000
110001001010000110111000000
110001100010100111010000011
110000000011111111000000000
010000111001010001100011100
010001001001101110000011111
010001010011101001111000111
110001000111001101010010010
110001011100010011100101000
110001011100010011001001110
110001010111110000001101110
110001010110111110110011110
110001010100110110001100100
110001100010000110111010000
110001100110111110001000110
110001010011011001110110101
010001010000010111011101110
110001011000110000101100111
110001011011000010010111001
110001000011110000110011010
010001100000011011000001111
110001010010011100011100001
010001100000000101110101010
110001011011011010011110001
010001100010100100101001111
110000100000110000010111000
010000111101100111100000010
010001011000011111111100001
010001100001101100100110110
010001001110101011001010000
110001100010010101000011100
010001100001100010101101001
010001001001111000011101000
110001011000100000110100111
010001010100101111100110010
010001010011111010101001000
110001000111101010011010110
110001001100100101011110110
110001100011000111101101111
110001100110001100000010011
110001010110011001110011101
110001001011101111100011001
010001001000100010010100010
010001011001001000110000100
010000100111001101111000000
110001011001000111110111100
010001011000110111100010000
010001000010010110001001111
110001000000100000010110100
110001010101001011010111001
110000111011110011100000000
010000111011000010010000110
110001001011110000110000011
110001011001101010101011011
110000111001100110101110110
110001011001110001101100010
110001011000100000010100000
010001000110111101110100000
