010001011010100000101110111
110001011010010001111110101
110001010001011101000111101
010001010111001011101011001
010001010011100011011101011
010001010101100000011000001
010001011000100011110100001
010001001111100100110011110
110001011010010010100100011
010001011101110000110010011
110001011100111101001010000
110001010111101110101110100
110001010100000010000111011
110001010111100000001011101
110001001001111101000111100
110001010100100001100101001
110001011001111110010011100
110001010010000000101001000
110001000111010000101101000
010001011000000000101000001
010001011010011110010111101
110000111010111110011101000
110001100010010110001011110
110001000000000100100101111
110001001110000110101101100
110001100001111110011011011
110001100010101011001001100
110001010101010001010000100
010001010001101000011000000
010001011011011100111101010
110001011010110001010111100
010001010001111000000100100
010001001100101111100111011
110001010110010101001100011
110001011100101010010001000
110000101111101100101000000
110001001111101001011011000
010001001001110000001110111
010001100001000100001110000
010001010111010110011010101
110001100011001000000000001
110001010100110010100010011
010001001010100111100000100
010000110000001110111110000
110000111000110101011001000
110001011000011101001010011
110001001000100010011111101
110001010000110000111001100
110001011000101000101000011
110001010000010011000100100
010001010001101000011101010
010001010101101000000111010
110001010011111110001101011
010001100000011111000101111
010001011011101001001110001
010001011111110110010101011
010001001111111101100111010
010001011111000011001100100
110001000100110100110010000
110001011011011010110101000
110001100010110000000110011
010001011010010011010001011
010001001100101110000000011
110001001101010011001001011
010001101000110100001001101
110001011000111000101011111
110001011110111010001101111
010001001000100000110010011
110001011011011101001011110
110001010000011011000110111
110001010001000011101111000
010001100001101100011011100
010001011101000110011110101
110001001001111100101111010
110001100100101101011110100
010001001001011010000000100
110001011100100010010100111
110001011101100100010101100
110001100000011011111111111
010001001111000010011010000
010001011011001000100010010
110000111000100000111110100
110001010010000000010011101
110001011010011110111010000
110001010001101110100001111
110001011110000111110010011
110001001001100110000101000
110001011000101001101000101
010001000111110110111101000
010001011010111001010010101
110001011100100111101111011
010001011000010001010011001
110001011001011000111001100
010001011101011000000010111
010001010010000011001010110
110001001100011001111011011
010001010010101100100100101
010001100010010111100010111
010001100110000000010010010
