-72.415461
79.391274
67.538384
87.679988
0.705183
-51.197139
-60.864641
12.853938
-33.683606
34.280200
19.962525
-78.412966
-18.958189
11.128142
59.582165
37.369821
64.566443
56.233598
-25.550601
-86.752842
-27.546371
-72.515544
20.390305
-25.204265
-31.760910
-96.974644
10.288838
-52.090280
71.034962
-27.441258
82.326997
-84.015928
-42.821052
-68.041813
-44.356430
-60.598738
30.994979
71.761999
0.882360
29.481196
-34.084639
63.299158
78.088351
-47.862130
39.523044
60.889069
80.969568
-62.341565
-35.500782
-23.514232
35.857977
-22.965927
90.157652
66.151411
77.253253
-99.450564
-41.237133
-97.844949
-73.794671
-46.415880
52.763712
25.758692
45.996231
47.771401
-33.511561
57.240254
68.331567
60.149065
50.868915
0.079405
99.753434
95.830333
-5.288276
-41.531389
-96.132286
63.875091
-61.177642
71.859061
85.204252
-56.746507
29.488488
-91.556908
62.528875
-79.052132
31.290717
93.533369
60.788771
-86.753189
-40.413787
2.332317
1.552770
-38.271313
99.792896
-12.239775
-73.624790
-6.974216
-94.175857
9.751262
26.897873
28.176520
