57.878876
85.687157
16.038210
-55.454412
-41.933583
-47.953025
81.234286
-13.997122
-28.635232
15.109427
1.034661
21.701460
-24.949032
-83.629977
-49.726723
24.510367
-6.830491
37.850857
-47.181813
93.381806
-44.733162
1.465292
-40.721369
-79.885860
68.570683
-3.633877
-78.155460
-34.230042
26.790377
51.606802
64.864175
29.465808
-64.949270
54.991304
50.882249
72.230374
86.846647
28.740907
82.762886
62.176266
18.206863
-74.437851
-96.518087
-84.587533
-39.541840
53.420146
-3.118123
28.010828
13.180613
48.286095
-55.353331
-98.220363
47.076158
24.375124
-16.179371
-26.237141
-85.851799
-29.925811
-27.523118
-49.757301
-17.484288
-31.394911
-11.950250
36.173433
5.335707
28.285518
43.442434
56.774928
-35.195869
89.952719
-70.150238
-31.641779
-99.718510
-46.473741
-74.705863
7.956539
30.069019
19.450130
15.336329
36.182752
-32.484939
76.257072
56.904556
55.702024
-29.868392
92.929368
9.831080
-58.760411
-78.795008
47.263831
62.850454
-48.121565
36.754463
75.543221
37.859164
47.139290
-25.428238
-15.826076
18.302582
-78.807582
