-92.107969
-67.673933
-35.470827
-33.183788
47.464464
-3.233197
-44.949638
35.687414
5.957500
36.045324
-33.351769
-19.482529
-9.512683
95.085713
26.739263
95.211802
-24.884334
8.738736
-95.067187
31.568562
-92.268882
74.062218
-2.543662
3.160332
-11.097468
-88.310118
35.731453
56.184908
24.012613
58.650968
1.575231
1.675505
42.458783
98.574506
37.635231
15.489148
13.723585
29.880076
88.331509
-32.659361
-95.878380
70.900066
-24.918169
81.830726
-29.949841
11.267282
14.911546
87.215419
26.597438
67.241490
-51.326891
-40.361249
-1.813993
52.760525
34.095238
-73.906221
7.292787
-90.765404
18.489219
-51.473470
21.316435
-95.257780
-95.748839
24.597923
62.382844
-73.745759
60.553842
37.878567
82.166639
86.326218
-42.719498
25.241090
76.556714
-79.785370
-99.953643
-75.880651
-43.693227
-14.242852
58.485393
74.288060
82.885814
68.331845
34.344149
-59.732319
65.968833
-6.619802
-19.626148
82.356529
-8.183604
-53.554260
12.752815
-3.727310
18.890520
-66.897548
-49.173784
5.016344
61.138497
58.532419
-4.165242
-82.518500
