-37.969918
79.243788
-37.153386
-89.731758
-8.069066
44.543042
94.164214
-41.453041
-65.801998
62.377909
-74.894624
-95.778085
91.874652
-49.827155
38.754823
34.716131
-48.637814
3.614359
48.266007
34.570589
77.307365
18.104233
-65.648343
39.394292
-42.427545
14.247142
91.889188
70.498277
-23.420563
10.069753
-14.135671
-99.588206
24.487866
33.963494
68.117958
-13.895401
-12.511937
-6.439156
-7.607241
32.551128
61.778584
-92.979577
41.321052
-85.088978
-63.938973
-92.727694
-73.387913
48.587490
-80.467050
91.615968
-96.100843
-71.733225
60.980040
96.091973
-53.661112
78.209401
68.742580
42.185292
46.897993
-62.317799
-62.062833
76.985495
7.913553
-48.143867
-64.684356
8.053633
21.895676
-1.720426
-88.026646
-9.186479
-98.575999
91.663309
-32.349572
70.820760
-82.403054
-47.475632
-82.390240
-47.066799
-78.044538
63.835846
53.490882
-98.902975
9.000241
46.100934
84.633330
55.833989
57.501519
3.357950
6.687158
-78.616219
-19.780485
21.924584
-7.792640
-98.627411
6.409458
7.207239
18.168483
-68.097948
80.674595
-99.999628
