-86.123130
-53.399556
39.810472
-33.863758
-14.728300
-8.850298
69.517407
-16.917764
55.889153
93.473034
42.724259
8.881753
0.895855
34.575078
-31.523592
-32.026357
74.730599
96.601549
-14.705165
56.887859
90.903794
43.399629
54.391206
-10.937943
-77.440215
-59.050142
-51.967501
-51.543830
0.948899
-16.906836
85.607256
10.211497
4.046437
-43.721877
-93.689411
-39.113470
19.645930
25.450915
-32.280582
-1.413108
-48.399498
36.678784
-99.898548
38.403316
41.610259
38.543518
9.532209
0.904994
53.844994
29.813657
-17.402688
-75.873216
-1.520076
58.751360
-45.209788
42.737800
-9.394947
-22.466916
-90.481068
-49.812677
8.539023
46.193060
-7.306993
35.197803
-70.863374
38.572266
-93.415011
81.366016
74.980673
74.792394
-56.161234
83.373572
-32.697406
27.077860
73.574221
-57.121759
41.127941
82.322268
52.622845
-24.501450
-93.060625
14.194938
34.070308
-17.405426
-24.607103
-46.190992
-78.822449
82.577995
-94.432046
-80.524212
-79.285728
-99.851856
13.675894
13.003086
-90.619314
34.330345
-43.365764
-48.281914
83.758860
-68.318812
