91.626485
-88.550804
-13.007275
34.411794
78.380076
15.439151
46.953036
77.532387
-23.930727
34.431506
56.818493
74.401773
-76.807176
16.051229
38.050183
74.391645
-14.948047
62.510332
4.964441
41.306702
-58.167405
-85.486856
38.938529
-77.419849
82.303478
-90.738879
26.128877
37.690150
-13.021800
83.352138
54.210550
8.829664
16.040663
77.454131
-31.292071
54.846944
24.452447
-82.109608
-20.744382
27.011139
38.364453
99.507299
40.548474
18.395766
50.964507
-16.590713
-76.794528
90.684649
-55.353130
-62.320755
-81.748366
-10.456429
-85.489227
-61.440605
61.873629
-55.814321
-66.631035
66.574408
40.517689
-35.930886
-37.627831
-34.646115
3.470267
91.140791
69.649587
-22.127670
84.522724
-16.288979
20.809518
-85.685322
45.117844
-15.547519
92.427411
-33.245784
-50.550062
85.207665
-67.301667
-4.588703
89.249791
-81.063423
-58.119756
98.062502
67.730432
85.080872
-28.517490
44.930561
89.783597
23.680895
1.416254
-77.205958
12.876247
-1.213111
-10.490788
-52.235711
20.459727
12.618835
-73.506214
-73.461436
-57.651545
46.817497
