92.792939
60.493102
49.374812
-43.663887
8.357631
84.721061
99.146056
-5.995231
-4.680630
-33.903429
88.347563
66.362063
15.207315
-31.943261
73.580445
94.780556
18.965839
-38.473296
60.181788
-68.067205
-15.096283
-65.366417
60.762543
57.449919
-42.628368
36.888402
-61.653867
-71.590503
-18.747184
11.604499
85.570469
-9.149605
-11.577542
90.258600
61.148982
-8.616495
-59.576783
-40.833082
-29.229205
-93.269824
-24.407161
-6.979399
-42.842319
-52.246116
53.157614
58.305306
-85.421416
17.960049
-96.614868
81.481707
4.236927
-12.887040
-55.499793
-14.109554
15.075534
33.954513
25.152021
45.943193
-32.473400
47.127612
9.961686
62.929973
75.031756
92.586015
76.975178
84.051494
31.010703
22.533169
24.743372
40.665068
23.518295
73.529478
-7.544785
-47.204441
-62.513082
-74.841326
-0.050197
-45.285962
-6.112974
-34.675922
85.871257
-76.359319
72.129328
23.144429
-4.633779
73.246855
71.599636
65.175697
-84.530002
13.124148
-62.280092
-28.202916
73.705866
95.099280
-90.093766
-65.764588
15.035549
38.706900
-35.947552
-72.385407
