-50.603541
70.674868
17.797521
-24.923579
-78.146268
27.232758
99.435036
40.100415
-39.647059
63.180927
95.059701
79.861692
-59.432572
-9.796872
70.146744
-68.415951
12.823794
91.761308
-98.559951
-10.357086
93.918132
40.866643
46.821244
68.092968
-20.002264
59.191569
51.913530
-35.218574
0.647829
3.133888
-70.747848
10.205144
74.409631
26.560584
27.435035
88.827903
44.857603
-4.948504
-32.187110
7.324564
-38.571831
-25.006188
-9.624956
48.503128
26.613191
29.764453
48.224789
60.920840
60.585110
-18.872846
55.718453
57.991322
92.816508
-69.818450
90.610011
-93.480428
-77.240177
-79.389887
87.606157
-60.818133
-74.771970
-43.797416
-80.109909
-40.965562
-25.034418
-3.362493
-58.398703
76.429629
38.295262
40.635107
-39.281249
83.679460
14.071587
-99.988953
8.719685
-20.228613
-49.488872
47.389909
62.655142
46.933971
82.408494
-33.671686
-57.468532
91.304697
-99.944709
44.517305
87.041201
27.022724
1.831332
53.122780
-99.745720
17.539106
67.899954
45.051065
-42.917778
78.914825
-30.291942
-54.308823
-18.200990
-5.602755
