3.245449
-91.145562
46.137766
86.172921
10.538970
-5.448739
-62.015312
-10.721962
-26.764256
-70.341120
-16.439097
-67.200782
29.992882
6.367582
16.997440
-8.515759
98.733406
-95.280837
-63.511107
42.126362
-50.530641
13.758141
-30.201158
63.843668
74.764515
57.884332
-11.611570
-21.940170
-54.910591
-5.344707
-46.274980
50.095291
15.722509
-27.527764
-44.757054
15.852622
-73.666498
-55.533478
74.688774
91.690270
-0.557541
85.499927
-85.845396
-42.092697
-11.780414
-38.908046
-99.629058
3.171831
6.815911
-1.707418
50.414724
-72.752879
-10.188231
-76.697792
-91.157586
55.968606
63.908457
-66.405902
-19.220587
61.535978
21.503978
-20.910729
44.135777
84.242648
70.978631
-79.674414
-28.584718
24.610336
63.454175
-92.210809
-97.862389
-23.969376
-89.311166
34.128752
-11.823303
-22.050560
-3.082272
-19.592319
1.599451
62.604068
80.073185
90.791741
97.063643
-20.004307
67.110276
-50.640409
58.055657
-24.734006
8.555765
56.931602
-30.159897
46.777612
42.261245
37.735150
-54.563721
-66.862772
56.565880
-80.338761
-97.697098
98.713306
