91.465751
-6.875046
44.367474
-4.881043
-14.060981
-27.903718
-68.208666
-47.565875
-42.688190
74.279522
55.864047
-35.607787
-21.447948
52.177183
31.337527
10.902606
63.275896
2.940949
-62.463029
-64.737202
19.335296
65.534042
-98.613842
-11.756129
-91.555510
-70.773813
-1.609329
-67.879865
-79.979082
-87.171405
10.916286
75.242813
17.433545
90.028463
87.341522
0.473320
54.553525
-18.585854
89.478737
-81.509160
70.241910
-30.344652
-0.892641
-62.168183
11.747002
8.158630
66.491984
-64.932460
-3.762129
85.564522
-25.712140
-59.163003
92.786229
74.344878
-95.281759
51.396917
-38.630514
76.837775
-35.891579
-73.385839
56.267292
14.546716
47.685128
-20.766500
97.991385
-28.228909
4.230412
-17.604886
-72.965075
-15.199495
-80.580732
-7.633568
56.486001
59.034484
34.570928
88.004135
-30.068165
37.939837
19.359415
67.753681
-65.867384
12.743175
-60.249930
78.587746
-91.070759
-64.610102
-11.698112
-90.538636
-18.020850
-32.637828
-63.785333
89.810465
-99.776811
13.805751
66.665994
22.629264
-75.330939
88.871373
57.844025
-58.147378
