010000001111110100011001010
110000100001000011101110100
110000100110101111111001100
110000101001111000010111011
110000100100111110001110011
110000100010010011100000000
110000011001011110000011001
110000011000011111001100011
110000100111101100001001111
110000100001101001000111111
110000100000101010011101010
010000011111110011000111110
010000101100000011000110110
110000101001011011110100000
110000100101000101111011100
110000101010000101111010000
010000100111000001010010110
110000100000111111110000110
010000100110101100010000111
010000101011111011000000101
110000100110100001101000001
010000011010110001100010101
010000001010100010011001001
010000100110101110000011111
110000101010010001011110111
110000100001001100000111000
110000100111100001001110011
110000100110011101011101110
010000101010100001111100010
010000100110011001001110011
110000101010011011111110010
010000011101100111000110101
010000100101011000001100100
010000101010011101100000111
010000101001010011011000111
010000010010011111010111011
010000100110011011101001111
110000100011101100101011010
010000001110110010010001001
110000011000001001110000011
010000101011100110011101100
010000101011111111001011110
110000100001000101100111110
110000101011001101010100111
110000011011100110011100000
110000011101000100111110101
110000101011000001001110110
010000010000111000101111011
110000101100010110001010001
110000101100000000001000000
010000100100010101101001001
010000100110011110110101001
010000100011011010101100011
110000100000000101111000011
110000000000110000101011010
110000011111001110010101001
010000101100001111011100010
110000100100101110100000100
010000101011100110101100010
110000101100000011010110111
010000101000110101010011010
010000101011001111001100011
110000011101101010110000000
010000001000100110101110100
110000001111100101011011011
010000101100011010010000111
010000101010110101011010100
010000011010100100001000000
110000011110011101111101101
010000011100011001111011110
010000101011000111101010000
010000100000001110111000110
110000101011100100111010000
110000100001010000000111000
010000100100110110100010100
010000101010101111001100100
010000010000010101111110011
110000100000001100110100110
110000100111011101011010101
110000010010011010001011101
110000100010001101110001101
110000011110010001000010001
110000011001110111101011001
010000100000001000100110010
110000010010011011111001001
110000100100000000011101110
110000101100010101111010010
110000101010010100111011111
010000100011010001011111101
010000101000001001010110100
010000010100001001101010100
110000010110110111110000001
110000101001010110000110000
010000101011100100001110100
110000101000010110010111101
010000011110001100111101001
110000011100100011110110011
010000101001101000010011000
010000010111110000100010110
110000101100011100111011000
