110000010111011010101101100
110000100000100000100111010
110000011010001100110011111
010000101010111100101110100
110000101001011011001001010
110000101001110001010110010
110000101011001100001111111
010000101001010111010010010
010000000010111001101001001
110000011101110101111111101
010000101011001111111100111
010000101001101100111110101
110000100010101110111011101
110000100110011011000011111
110000011001110010100010111
010000100101110001000101110
110000101000000011111000110
110000100000110100111111011
110000000100111010101001101
010000100001111111001001110
010000100111110100001001101
010000100001101010011101110
110000100011100110000110101
010000100110001111111101110
110000100111011111011000111
010000011111110111110111110
010000100000100010000110111
010000010011111110001100010
010000100000111010001001110
010000100010111010000001001
001111111101110111111010000
101111110100010110001010001
110000001111001001000000111
010000010011010010111111011
010000011010100101000110010
110000011000000110010101111
010000101010000101011000010
010000011010010101111011101
110000101000000010000101000
010000101000111011010000001
110000101001010111101111001
010000010010110011001011011
010000011010100010100111100
110000101100000000010111101
110000010111110110001101000
110000101010111010010011111
010000010100111100001011111
010000100111000000111101010
110000100000101011011001010
010000101001001010101011110
010000100110010000000101100
010000011010010001001011010
010000001010111011000001011
010000010111100111110100101
010000101011001010011100101
010000100000000111101010010
110000101100001110011110110
110000010100101001110000010
110000100101100101100101000
110000100001000100010110100
010000101001011111101111000
110000100111001010001010001
010000100100100011001010100
010000101100001100110100011
110000100111000010010101111
010000100010011101100111111
110000101010001011001001001
010000101000010110110110000
010000011001010100000110010
010000101001100101101100001
010000100001111001001100000
010000101000010111011010000
010000010100010111011110110
110000100110001110010011100
010000100011100100011110101
010000100110101111001100011
010000010001101010110110010
010000101010101000000100011
010000101010000000110100010
110000010101011110011010101
010000011000111100101110111
010000101000100100000111100
010000100011000010011110100
010000011010001000011111001
101111110001101000001010111
010000011110110010110110000
110000011010111111111010010
110000100010011111100101001
110000100100010110011001011
010000100011111011111100000
110000100100110010111000000
110000011000101001000101100
010000011010101011001111101
110000100000111010010000101
010000100011110101101011110
010000000010110101111100101
010000101001101000101001011
110000001110110110011110001
110000101000110110111001001
010000101001010100011011100
