010000101011100110010101111
010000100111000111111000111
010000100100010101111111110
110000100010111010100111110
010000010000010110111000110
010000101010100101110001001
010000101100011001001010110
110000001011111111011000111
110000001001010111000111101
110000100000011110011101000
010000101011000010110001111
010000101000010010111001011
010000010111001101010001001
110000011111111110001011110
010000101001001100101001001
010000101011110110001111101
010000011001011110111010000
110000100001100111100100101
010000100111000010111010001
110000101000100000100010011
110000010111000110001010011
110000101000001010111011100
010000100111001100001100110
010000100110010111001100101
110000100010101010000011011
010000100001001110001101101
110000100111011010011101100
110000101000111100101110010
110000011001010111111010001
010000010011100110101100000
010000101010101100100100000
110000010001001001100100110
110000010011100100111101100
010000101011010010000100011
010000100111010010011000100
110000010000100111011101001
110000100110111001001110101
110000100010001101010101000
110000011110100111010101011
110000101011101010001010001
110000011100001101000001110
110000001101111101010111001
110000100010101101011110100
110000100101000011111100000
010000100101010010100001011
010000100110100100111000101
110000101010101011010111110
010000011000111110101110001
110000101100000100111010110
010000101010001011110110101
010000001000011110010100111
110000010100111000110001010
110000100101110111111111110
110000010110000111000000101
010000010111000100110101011
010000100000011111010001011
010000011100100100110111010
010000100011011111000101110
110000100000000111100100110
010000100011110010000010101
010000010001111101100011000
010000100111101110111000010
010000101001011000010000010
010000101011100100101100000
010000101001100111110011010
010000101010100000011010010
010000011111100000010101111
010000011011010001000011111
010000011100010111110010011
010000100010001010101001000
010000011011110000100101011
010000101001001100001111000
110000001111000101101110111
110000100011110011010001010
110000100111101000001101011
110000101001010110101110110
101111010100110110011010111
110000100011010100100100110
110000001100001110011101011
110000100000101010110100001
010000101010101110111110000
110000101001100010110111111
010000101001000001000010001
010000011011100100100111110
110000001001010001000111111
010000101001001001111110011
010000101000111100110011000
010000101000001001011001111
110000101010100100001111010
010000010101000111111100100
110000100111100100011110110
110000011110000110011111100
010000101001001101101001011
010000101011111000110010110
110000101011010000110000000
110000101000001110000111011
010000010111000010010001100
010000100001101011010011110
110000100000111111001010010
110000101001000011000101010
