010000011111001001001110110
010000101010111100000010011
110000011100100000001111011
110000100000111010001101000
001111111110001001100100011
010000011100001001010111011
110000100101100001101111101
010000101011110011110001111
010000011110011001010000111
010000011011111111001111111
110000100110000101011010100
110000101011111010111110100
010000100011000111101110001
110000100110111100100001010
010000011101100001101101001
010000100011010010110001101
110000011101000010111011101
010000010111001000000110011
110000100001001011010101100
110000100001011000100101000
110000011111010110101100000
110000100010001100100100100
010000100111101000110110111
110000011001010101000100000
010000101011101101010000001
010000101010100001010110111
010000101011011010111100010
110000101011101001010000010
110000011110101010000111101
110000011011111110101001000
010000100001101110100100111
010000011010011100100100011
010000101010111000010100110
110000100000001001000110000
110000010000010011100011111
010000011001101110111111000
110000100100110101010001010
110000100011000100110000010
010000101010110011000100110
110000100000111001001111001
110000101000110101101101100
010000010110001010001111100
110000100100101011101011110
110000101011110111000101011
110000100000010111100101100
010000100101010000110101000
110000010000000001011010100
110000001110001101001001101
010000100010110100001001100
110000011110101111010000001
110000100001111011101100110
110000100000000001111010011
110000010110110011011111100
010000100010001111001001110
110000100110000101010101110
010000101011111100111000011
110000101011011110011101100
010000101000000100000101111
110000100101111101011111001
010000100101011000101010011
110000101100011011011110101
110000100100000001001111000
010000100000011000100110110
010000011101011111001000010
010000101010000111101000001
110000100110010100011010000
110000100001001010111110011
010000100100010011011001101
110000011000011101010110001
010000101011101111011100010
010000101010010100101000110
110000100001100110000110000
010000101000000100001110111
010000011010100010100100111
110000010101010000110111110
010000000011000110110011011
010000010111100100011011010
110000100011101111001101101
110000100100110101000100011
110000101010010000111000101
110000100101010010100101101
110000100101111011000011111
010000100110101101011100110
110000011011011111001111000
110000101000000001110101011
010000100110101011110110000
010000101010001111010111111
010000100110111001111100000
110000010100100000110011111
110000010100110111010101001
010000101100001001110011101
010000101000100001011111101
010000100010111100011111111
010000101000101001011001101
010000011000101001011100000
110000101001100101010100100
110000100101010000111110010
010000101010010111010111101
010000101010000110000010100
010000101000010011001010000
