110000101001000011010100101
010000101001111011001000010
010000101000011100010011101
010000101010111101011100001
001111110011010010000110110
110000100100110011001001110
110000100111001101110101011
010000010100110110101001101
110000100000011010111100000
010000100000100100011110111
010000011001111110110011010
110000101001110011010011011
110000011001011110101010010
010000010011001000001100110
010000100110111001010100001
010000100001010101111010101
010000101000000100100010000
010000100110000011101111001
110000011100110001100111101
110000101010110110000001011
110000011101110001011110111
110000101001000100000111111
010000011010001100011111010
110000011100100110100010010
110000011111111000010110010
110000101100000111110011000
010000010010010010011111000
110000100101000001011100011
010000101000111000010001111
110000011101101110000111101
010000101010010010100111011
110000101010100000001000001
110000100010101101001000110
110000101000100000010101011
110000100011000101101100111
110000100111001001100101000
010000011111011111110101101
010000101000111110000110001
001111110110000111100010010
010000011110101111011001011
110000100000100001010110101
010000100111110100110010010
010000101001110000101101001
110000100011111101110010110
010000100001111000010111100
010000100111001110001110011
010000101010000111110000011
110000100111100101011101110
110000100000111000000000110
110000011011110000011101001
010000100000111101101110100
110000011011011110111010001
010000101011010001010000101
010000101000010001001101100
010000101001101010000001101
110000101100011011100110101
110000100010010011110010110
110000101100001110110000100
110000101001001110010110110
110000100011100110101001110
010000100101001100001110000
010000011100111000010001110
010000100011011111111100001
010000100011111100010101111
110000100000011000001011110
010000100110010011110110000
010000101000100010101001110
010000100111000010011000101
010000100100101101111001110
001111011010001010011111010
010000101100011110000001110
010000101011111110101001001
110000001010100100111001100
110000100010011000100000001
110000101100000001000011101
010000100111111110000000000
110000100111010010110101111
010000101000111110110111110
010000101010101001101000100
110000100110001011111100011
010000011110101111101000011
110000101011011100011101001
010000100111101000011101100
110000101001111000011010101
010000011111101001010011011
010000101011101100010001000
010000100111001100100111101
110000101010110110000001101
110000100010000110100111101
010000000001010101000100101
001111111100011011000001001
110000100001100100010101110
010000101100011110010101111
110000010100001111010110000
110000101001001100111111111
110000001101111100101100110
110000101011110001011010000
010000010001110000000101001
010000011101011100101110110
010000011110000101101001100
