110000100100000010100110011
110000001110001000110110100
010000101011000111111000100
010000011110000010100001001
010000100000001101111000110
010000101000100011001101000
110000101000101010001001001
110000101011000000010011110
110000101010100101100000111
010000011111011110101111111
110000000100110101000110101
010000101001100110110100111
010000100000110101101010010
010000100011101100110001110
010000101011011000111110111
110000011111101010010110100
010000100000111010001110111
010000101000000100101010010
110000100001000110001101011
010000011010001110100100011
110000100100111011110101010
110000101000111101011111010
010000010100111100111001001
110000011111010010110011001
010000101010001110111010010
110000100010010010000111101
010000101000010000101100001
010000101010011100101101011
110000000010101001100110100
110000100101010010101001111
010000100101011111000111010
110000101001011101110111110
010000100101001111101100010
110000010110111000000000010
010000100010001101100011110
010000010100100110100011100
010000010011000101111000010
010000100000010011101001110
110000100101000010001101010
010000010111010110111010111
010000100010110010011111111
110000011010101010110010000
010000100110111001110011000
010000100011000100100111110
110000011110110111101111111
010000100001111101010011000
010000000000000110011000101
010000100110011101011111100
110000101011110011101011111
110000011111001011001101111
110000011000000110110000010
010000101100010110010100100
110000100011111110111000001
010000000111000111001001001
010000100000111010010111000
110000010001001001110100010
110000010101000100010110011
110000101000001001010011101
010000100011011110010010101
110000100101111000101011111
010000101100001110010011001
010000100001111110011000110
010000001000011101000001011
010000100101010111101001111
110000101100000001001101011
110000101010111110000111100
110000101000011110100101011
110000100111001100011101111
110000010100000010011010100
110000011010001111001000100
010000011110011111011110101
010000100011011101101000110
110000100001001000001000110
110000101010010100111010110
110000101011101101100101101
010000011011100110000110101
110000011111111001000110100
010000011001001001000001110
110000100011101010010110111
110000101011100011110001111
110000101001111010110101101
010000011001100110110101111
110000011101110100000111001
110000100111001100010011000
010000101001001010100111100
110000101001100001010100111
110000100101100110010111111
010000010000010011000010111
010000100010111010000001100
010000010011110000101011011
010000101100000001000010110
110000000101011010001001010
110000011011111101011100000
010000101100010100001111000
010000101001100101100000111
010000001111011110101110000
110000010010001101001011100
010000100100100011101110111
010000100000111101001000100
110000011100111110010101001
