010001001100000110101110000
010001011111001000000111110
010001010010111110000100100
110001001111100001010110000
010000111000010100010001001
110001000101101111101100001
110001011101111110000110011
110001011011110010010111101
010001010000010001011110101
110001011110110100000100011
110001001011100101101100100
110001011111010001010011001
110000111011001111010110101
110001010001011100010010001
010001011000010100100111111
010001100000111001100111100
110001010000010011100111111
110001011110110100100001001
010001010100010010000000101
010001100000001101000110111
010001000111010110010101110
110001010011011101111111110
110001010101111110000100011
110001000000011010001100000
010001010000000011111111110
010001011000111001110100110
010001011100100001001010101
010000100010000011010000000
010001011010101000110010010
110001010110000000011000110
010001010111110101001110010
110000111011100000111100100
110000100101010101010011000
010001010001100011101001110
010001100100110101101001110
110001011011011110001111000
010001010100100000010111110
110001000000101010001100000
110001000001110111111111110
010001011001110101111000010
110001010000111110001111100
010001001100111000100101011
010001000011100100011101000
010001010110010011000001111
110001011010001101000100000
110001000011001011000100101
110001011011010000100001001
010001010010010101111111111
010001001101101101011001100
010001011110111000100010000
110000111011010001001010001
110001011011111101001001001
110001100000010000011111010
010001011000111111110001001
110001010011001010000101100
010001011000100011011001111
110001001001000001101001000
010001011001100011100001111
110001100000011010010010101
010001010110101100001100000
010001011010010001101010001
010001100001011101001100110
010001001100010110101001100
010001000010111111101001010
110001001100100101110111100
110001100000100101011100011
110001011001010101000101010
110001011011100101100010010
110001100001100010110011000
010001001001011000100101101
010001010111001101101010110
010001010001010010000001001
110001011000111110000011101
110001011001000010001001101
110001011000100011100100000
110001011101010001101110100
110001011111101001000101011
010001011010000010111010111
010001010010011001101000000
010001010111111011000110000
110001100111010001110101000
110001011011101100100111110
110001011010010101000001110
110001010011000110001001110
110001010110001000010001011
110001100000000000010110000
010001100001001100000000001
110001011010100001001011110
110001100000100000000101111
010001011000100110001011110
010001100001100010101000010
110001011010101110101001010
110001011101101010011001010
010001010011000001001101010
110001100011010001000011010
110001011011100110101000011
110001010001111101110001010
110001001010111001000111000
110001100001001101010101110
