110001011010011001110111010
110001100000100011000101001
010001000110011101110000100
010000111100110110111110000
110001000110010101100101000
010001010000110110011111001
110001010110000011101010110
110001001000100101011010100
010001010011000001001100000
010001011100100011100110001
110001010001010000110000110
110001011110011011000110111
110001001011111000110101001
110001011010000001011000101
110001001111010001000100100
010001100100101101001001010
110001000101111000100100100
010001010000001111101001110
110001100000001110001000111
110001010011001110110110000
110001001101100100101101000
110001100000111101110111111
010001001000101111011010100
010000111011001101100000110
110001011000110010100110010
010001001011011001110101010
010001000111001110011100100
110001100001000101100101011
010001010001010010110101100
110001010001101100001001000
010001000001001101110101100
010001011100011111100111011
110001001110100011110110000
010001010100010101110100000
010001011011000001100111101
010001010001010011001101010
110001100001111111001111010
110001100001100001011100000
110001100000010101100101110
110001011001110010111011101
110001010101110001110000110
110001011101010111111101101
010001010010101100100011010
110001011001110011100001100
110001010110001000101011011
110001001001101111000011001
110001000000010010110010100
010001010010001101110101000
110001001111010001000100010
010001100000101100100101111
110001001000111110011011010
110001011011011100011110111
110001001101101000101111110
110000111011011000101110000
110001100101000111000111101
110001100011001100101111101
110000111000111001010010100
010001100000001001101101001
110001011000001101010110101
010001001111111011011011110
110001001010000100010000101
110001010110000110000101010
110001011010110011010010000
010001011010111100001001100
010001100101010100101100000
010001001010010110101110100
010001010100101011111001011
010001010110010010001011100
010001100000011011001000100
110001001101110111001010000
010001100000100100010101111
110000110000111110110010100
110001011110010111101000111
010001011011010010011001011
010001011011010001010110111
010001100000010111011010011
010001000001000100110010110
010001010011011001000000010
110000110110011100011001000
110001011100101110110111110
010001100000101110111000100
110001100001101011010010000
010001011110111011101010010
110001010101000000001000000
010001010101110110100011100
110000100010110111000000000
110001010111111000011000101
010001011000001010001010001
010001010100001110000010101
110001010001101101011000001
110001011111010000110100100
010001010000000101000101101
110001001100001111001010100
110001011010111110100100100
010001011000000110100010100
110001100101111000101001001
110001001101000011110010000
010001011010011001000001100
010001011110010011000010001
