010001001000001001000101000
110000110000000011111100000
110001001110011000011101101
010001000000100100111111000
110001010011000110110010000
110001001100011101011001000
110001010001001000010010110
010001000001001010010010100
110001001001001101011010101
110001001000011110011010100
110001010100110000110011100
110001100001001110111001101
110001000101110100110011000
110000101001111000111100000
010001011100001000110101011
110001100001111000000110110
110001011100111101111011010
110001011011101101001110100
010001100001110010010000111
010001011010001011010010000
110001010101001001101000100
010001100000011110011110111
110001000111001010001101100
110001011000111011110110110
010001011101111111100000100
110001011101010000100111000
010001000010000001111010100
110001011110100101100000111
010001011000000000000010101
110001001000111011100010111
110001000100000100111001100
110001011010011101001110000
010001011010000111111110010
010001011101100110110001110
010001011100110011101010111
010000111010110100001001000
010000111001101001101000000
010001100000111010001011011
110001011000011010010100100
010001011000000101010000101
010001011100100100010101000
010001100010010101100100000
010001001100011110000000000
010001010001110000011001010
110001000000101111010011010
010000110010000011011111100
010001011100111110010110100
010001001001011110101001100
010001000001000101001010100
110000100010001110101000000
110001011000001001111100010
110001000111011001000001000
110001011011001100001010111
110001010001110110110010000
010001011001100101010111100
010001100101010100100111111
110001010111100001001110010
110001011011001011111011100
010001011001100010110100011
010001001010001110011111010
110001001101111000101000100
010001011100110000000111110
010001100001101000011100100
010001010101111110011010010
010001001001111100111000000
110001000011111000011010000
110001011010000111011001001
010000110000100000010100000
010001000011000011101100000
010001100011001001000110000
110001100010110100011000110
110001011100100001011000110
110001011101100001000110001
010001010101100001010111000
110001100000000000010110111
110001011011001001000101100
010001011001111001011010001
010001001011000101101110110
010001010000100111111101011
110001001111111001000001011
010000101100011011001100000
010001011001111101001000000
110001001001110001011010000
110001011000111101111100010
110001011101101110110010010
110001100000000101010111111
010001010110000101001000111
010001011011100000111001111
110001001000110100111111001
110001011110000001111111100
110001001011111010111010011
110000110011010000010101011
110001011011110010101001010
110001011001111000010110110
010000010100010011001000000
110001000111111111010110111
010000110000000001001000000
010001010101100001111010000
010001011110010001010011101
