110001010010011111100110110
010001011110110110101100101
010001001011100111101110110
110001100001100010010101100
010001001110000001100001110
110000111001101100001000000
110001100110011000111111111
010001001011110001111110000
010001010001001101100110000
110001010001111111110110001
010001011100111001110011101
010001011101011000000010010
110001011000100011010101100
110001001100010100011110000
110001011100010111000111101
110001100000101001100111010
110001010000011101100000111
110001010101001000010011010
010001001110001011110000101
110001011000111011111001011
010001100010010011100100000
110000111011100001010111010
110001010010111011001100110
010001001010011100000110101
110001011111000010110100111
010001011010110111110101111
110001000010001110001101110
110001000100110010101000100
010001000100111101001001000
010001010101101111111011000
010001000010110010111111000
110001010000110000110001101
010001010100000001000011111
010001010011111000000110110
110001010111101001010100111
110001011010001111000100011
010001011111000101010001001
010001011011010101010001110
010001001111100010000000000
010001001110111101110100001
010001011011011000111100011
010001011000111010000101010
110001100000111111110111001
110001010000110100110111100
110001010100010111101111100
010001001000100000010001000
010001011101111100101010011
010001010010100111101000010
010001010011010100000100001
010001010101100010000101000
110001010011000110110001101
010001010011000110001111010
010001000101001110111111000
010001010001110011100110100
010001011101000110010100110
010001001001111100010010110
010001011000111011001111101
010001000000011111011110100
010001001000000011101001100
010001011111100101011111100
110001100001000010110110010
110001001001111001110110000
110001011001000111001110110
110001001110101011000100100
010001000100010000001011101
110001000011001110100011000
010001100110101100011111010
010001011111111110100100001
110001001101000111100101001
010001000111100110011010101
110001011000110111010101100
010001010000000010000001010
110001011111010110010101010
010001100000101001000100101
010001011001101111010011100
010001011100111101011000010
110001010011001111111001100
010001011010111001000101101
010001000100100110011011110
110001001110011000111100110
010001010011010010111101011
110001100011110011011011000
110000111001111000101000000
010000110101011101000000000
110001000001000000110111001
010001011111010101011001100
110001100001111100011000101
010001001111101011011111000
010001010100010101011100101
110001010001010100001100101
010001011010011101110111110
010001001100001010010010000
010001011011100001101111000
110001011110011000011100100
110001011100000101010010111
010000110111001110010111100
010001001110111001001001010
110001011010100100010010011
010001000101101001100011001
