110001010011111001011000110
010001010111111000111100010
110001011010011010111010001
110000111011011010000010000
110001001011101110001110111
110001011101011000110010000
010001100101011110110110011
010001100000111011111110100
010001011110001101101110000
110001000110010011100001010
110001011001110101100011101
110001011101110001101001010
110001000100011010010001000
010001010111111100111100010
110001011110000111100111111
010001011011011101011100000
010001011000000111100000000
110001010010101000010101100
110001011000011001001001000
010001010110010111111011111
110001010001010110101010101
110001010100000101101011010
110000110001111111010000000
110001011011101111011011101
110001100111000101000001011
010001011000000100100001011
110001011111111100101011110
110001100000001010101101000
110001001110110100001100111
110001010110000000101001110
110001011010011101001100111
110001011001110010100001011
010001000001001001101110000
010000110111111011100100000
010001011100010111010010000
110001001001010001011010000
110001011000111101011001010
110001010010011000000011000
110001011100110100110000100
110001000011111110111101100
010001100010001011111100110
010001011001110100011111100
110001011110000111000101100
010001100100000011001110100
010001010110101001001100010
110001100010011000001000011
110000100101010111101111000
010001001011010100001101000
010001011101001101111101010
010001011010000111000001101
010001010000110011101000110
010001100011110100110010011
010001000001011000111111000
010001010011001010111010010
110001011000010010000110011
010001001010011010000000010
010001001110000011001010100
010001001001101011010011100
010001011011101110100110001
010001011100101110010001000
010000111101110010100101000
010001010111111101010001110
010001001011100000101101011
010001001000110000100101100
110001011000101110000111100
110001100010101000001011001
110001001111001010110000010
010001001110111010001000001
010001010100001110110101110
010001011011011101111001101
010001100100011101100101101
110001010111011101110001110
010001011110011101101000001
110001001011001100101010100
010001000011010101001111000
010001001101111001000000010
110001010010001000000000011
110001011010110000010010101
110001010001011101101110010
010001011000100011010110000
010001000000101001011001000
110001100011101000000111100
010001010110010001111001110
010000101111101000010100000
110001010100101101100110111
010001100010010101100011010
010001011000000100110011111
110001010101001110010101100
010001010000000010100111101
110001010101111010111000001
110001011001110111011000111
110001010000100001111011101
010001010001100001001010110
110001000100011111010101000
110001010111110111001110000
010000111010111111100011101
110001011000011000111100101
010001011000011101011110011
110001010110011000010110010
