010001010011001011010000010
110001100001111000100000100
010001010101011111011100011
110001001111110010101011010
010001011111011101101111000
010001000011001011100111100
110001011101110000101001100
110001011110000110100010101
110000111001001000110000100
010001011110001100100101010
010001100010111110000011001
110001100001101010111010101
010001011011110101000001111
010000110010110100011111000
110000100101111111011100000
010001011000001101001010001
010001011010110111001010100
010001010011000110001100000
010001011101011100001010010
110001011001011111101100111
110001001110110001111101110
010001001010101001010011100
110001011011111000000101010
110001001010001000011101110
010001011111001110001010101
110001011011101101111111000
110001010011101100011010110
010001010001000110110000100
010001000011001011001011000
110001011011101101010110111
010001001011111001010011000
110000111010000000001110110
010001001000110100001101000
010001001011011111000001110
010001011011110111000111101
110001000000011011101101000
010001011010011101011101110
010000111110011101100110000
110001010001010100111111000
010001001001110010101100000
110001011000000010001001111
010000111101110010110010000
110001010111111110101110000
110001011011100000011100011
110001010010111001110010000
010001010100000011001001001
110001001010011000110010100
110001100000001000000110001
110001010000001011111101100
110001011101111000011011100
110001010100100001110010011
110001001010000000001111010
010001011010111110111111010
110001001010001010001000000
110001100110111100100101111
110001100001101011111111110
110001000111101001000100010
110001011110111111110010010
010001011001010110000110111
010001010101110001101011111
110001001110101010100001000
110001001100000101001010000
110001010111111101010000111
010001010101100100011000110
110001010111111110001101110
010001000010011101110011100
010000110000110010111100000
010001011000000001110010001
010001001110101101110001100
110001000100010010000101110
110001011000011010010001010
010001011101000010011101000
110001011000000001100100010
110001100000100110110001010
110001100010000010001100010
110001100011100101101011010
110001011100100110100110101
010001011111101100101100000
010001100100001011010011110
010001100100001101100110011
110001010011011001000001001
010001011110111110011110110
010001010111010111001000001
010001100100000111111001110
010001100010100000110101100
110001011101000100011100111
110001100100100010110011110
110001011110111010100100100
010001010110111101010111011
010001011011010001100100111
010001011011101101010010000
010001011010110000001000110
110001011010110110011110011
110001010101000011010111100
010001011000011111000010111
010001001010110011010100100
010001010011100111100001010
110001011010001110110000110
110001010101100111101110100
