54.079568
-43.042122
-9.024740
-36.991703
56.714629
27.787028
-82.875616
-1.049494
46.999985
-27.428688
41.939262
36.967275
-45.020906
67.416458
61.969173
-79.375046
-75.030629
-14.931836
-37.796581
-43.769478
-85.671631
-94.176260
15.932543
-6.059492
-24.833908
-38.058287
-88.410196
89.507807
47.381673
32.119761
22.436511
69.191634
-41.387608
-95.238413
-92.981667
31.341677
48.218309
65.646425
97.370599
64.470217
-80.911533
60.824286
61.943799
14.565502
21.206420
-13.467139
-21.331776
70.379415
18.393073
-47.703701
78.243378
-25.901684
-71.341729
-53.692545
96.537583
-99.115701
-20.580271
86.998742
-54.822057
-8.391589
11.859463
63.376762
44.342476
-64.738018
62.908761
-48.416562
11.315148
-39.204079
-73.902351
7.269268
-83.615850
-92.829908
-48.550760
81.421998
82.426684
-83.926474
-44.093493
27.895326
-18.770490
7.855631
-70.443935
16.442348
-93.576691
-32.437988
47.194155
-61.026523
1.651681
-49.052757
27.889296
24.204341
86.655219
1.514572
-68.907652
6.041844
13.334816
82.518044
-65.178351
75.955501
59.421045
-44.085437
