-48.162503
-7.069162
88.985573
28.078689
32.867933
68.400426
-69.268037
-88.038729
-84.689244
30.960933
-3.207440
76.853451
35.353789
46.798601
91.122847
-31.323504
35.639544
64.582733
-36.388064
20.455309
-51.739524
-71.686270
12.951448
-30.587496
81.863891
-41.132448
66.086298
83.588745
-2.662508
-53.165924
53.944625
-75.734053
52.980745
-14.875063
40.847528
12.602425
11.091879
33.228350
-52.138032
15.358132
43.156187
-21.336961
59.612349
44.288873
-29.742144
39.831083
2.024941
57.843314
-94.460831
-30.350541
-16.211108
98.790250
-47.929812
3.777907
35.647492
-9.153405
-13.067992
-65.163537
45.893234
-55.542864
97.787488
39.899181
4.226736
53.478494
-96.151172
-87.764870
-67.823127
-60.779176
-12.037737
-20.472935
28.983723
45.852298
-36.508666
-82.614987
-93.698568
23.190758
-31.784452
18.282160
-46.647435
-92.472452
-79.354833
19.213851
-27.628482
-60.768638
73.327325
-76.165780
-54.398372
8.297591
43.626566
11.760610
96.130467
-3.352130
-23.919978
98.529509
76.689362
7.740001
-10.205939
50.233311
35.820892
-25.947829
