-96.056472
80.123769
60.497908
22.779555
0.471202
35.562712
10.137016
74.163171
-40.699966
-81.431064
-66.104499
57.542382
0.984394
21.003103
32.210808
75.235917
-36.196331
-12.616699
83.658415
75.703525
62.186864
43.266815
-52.149592
1.735129
-71.733222
22.205853
-52.830923
92.000429
-73.925217
55.020546
15.553498
18.727035
7.908714
80.847506
73.449075
80.263992
82.908234
50.801034
-26.839529
-38.025545
-36.929383
-67.473361
-72.019704
43.559100
26.726982
47.012038
10.068568
-79.911021
19.803111
36.796127
-18.143689
67.808558
-97.323349
-72.284181
84.486570
-31.003098
0.823894
-62.194850
-61.197194
70.154769
-88.352066
92.691352
-62.112018
78.983672
35.953978
-41.100521
-41.062167
17.013963
-12.071600
59.102705
-32.007082
52.100045
76.443932
-59.233333
-22.451901
35.951972
-96.109618
-12.474161
39.013061
-60.309186
63.193523
-55.408312
86.755614
-64.398603
40.341485
-76.643716
-43.351910
-35.680594
-32.160652
-12.266394
13.423084
42.234183
-10.244186
10.441874
21.602114
89.277886
35.886591
55.759216
-79.711155
16.184056
