7.909346
-36.232939
-58.993753
-79.045745
-51.889123
-41.218838
-18.939067
-16.974828
-62.759670
-38.570293
-34.653618
31.597555
96.388402
-75.476771
-52.370709
-80.738457
60.080860
-35.985132
58.766480
95.376375
-58.101731
21.548207
5.268706
58.878885
-82.185528
-36.756918
-62.076618
-57.841557
84.242740
57.576580
-83.496665
27.222045
53.512240
83.689212
74.423686
10.490103
57.728465
-46.792320
7.392722
-16.304906
92.807820
95.898013
-36.351377
-89.665989
-23.201204
-26.155629
-88.153878
8.886580
-98.769918
-96.015764
49.352707
57.926967
45.668350
-32.367595
-2.190147
-30.447866
97.930222
-50.906858
92.836635
-96.419879
70.662759
89.899221
-27.335956
4.302562
-7.792407
99.283064
86.676909
21.128925
-28.936397
24.810472
88.957094
32.930420
-92.613432
-37.006901
51.408723
85.899519
8.343367
-32.801567
-61.838592
-10.409097
-40.861034
-28.532325
-19.739831
32.537439
-10.435842
-48.029128
-98.739005
-82.616967
45.093406
65.169111
12.151024
-14.871140
-74.761800
92.528378
-66.796198
28.404853
-25.120339
77.037134
15.758488
-99.615344
