30.288458
87.504783
-25.007554
-35.637733
1.768689
24.292681
-54.109033
94.472548
28.789495
23.976559
-56.338432
-95.372087
44.482655
-59.782549
27.053341
45.173560
-26.091657
15.126565
-36.708591
-37.536173
-30.709044
-40.785680
62.553600
-18.658238
93.656672
84.169792
91.367696
-93.156890
-29.316261
-23.957538
38.911120
20.892788
87.040632
-32.568443
-8.305660
19.468304
-51.329396
-44.297228
86.384429
-35.577387
-70.714014
14.160034
-50.730333
-94.885615
-33.474173
53.051850
-8.022122
-7.102741
43.259343
-29.476659
-39.731234
-32.119575
-14.804582
40.947097
-56.333780
95.610149
-91.807803
64.511590
-55.842900
53.541452
-99.434967
-48.077170
33.537945
26.972802
80.953484
-57.275492
-36.685943
49.212588
-16.917108
93.930287
82.579816
-38.380942
64.529111
21.080563
-13.263635
2.776574
15.569159
-46.950854
-51.316881
-82.110603
-53.161768
-55.691367
58.840635
-22.976129
-64.229373
58.740322
81.921776
59.621095
-12.512677
-12.864557
97.226006
68.186838
43.781211
69.175215
17.294953
-76.665146
-53.060912
82.921256
80.755101
66.394563
