-15.417373
-34.038383
-20.400333
87.591048
-75.393140
-78.168633
-89.531144
74.910811
2.725172
-27.687356
89.993933
77.622557
-42.933248
-57.691285
-19.579575
55.068121
-64.486012
-35.311914
-3.229108
39.947063
63.259498
38.654082
-46.381535
56.997838
-61.961879
31.745994
34.131728
11.971745
35.634528
43.626109
1.734194
-0.771639
-7.570425
11.296723
21.159328
-16.198214
80.672380
20.685375
-64.259803
71.406528
-74.967139
10.799654
21.081793
-96.046284
-15.846947
-87.288984
12.940411
60.059886
-34.712166
73.335488
57.005491
20.536751
5.461106
15.622226
89.306114
32.478851
-97.810286
-12.652424
-54.348732
-36.272052
75.966868
-60.634991
50.197757
97.602479
-60.146402
41.851509
-81.392882
66.855648
18.628086
76.711377
39.574315
66.925906
12.366885
-56.894094
46.279940
58.949682
9.669497
85.008597
80.102273
-13.475267
17.897915
68.514762
44.154907
20.265228
-0.601730
29.588918
-21.997208
-41.973824
-49.399801
47.746158
-51.179799
-17.283978
21.351399
-35.641276
47.355299
2.710739
77.080878
-7.425555
-70.861634
74.553849
