65.307361
-61.414136
12.644117
81.110618
-23.260921
98.378276
-17.937020
85.476059
37.432815
-70.105756
-12.189432
-60.191216
31.241669
-33.040554
-72.118623
-58.290816
-42.078489
-83.358366
-69.220743
89.462239
-0.140272
52.413773
-18.929160
-10.961410
-15.673880
-90.175071
-29.001019
-36.472758
-25.954247
-89.263344
52.360557
79.115956
36.157424
36.880307
-71.315071
39.624696
-68.495160
-86.978171
-40.577252
-70.963424
72.767900
-9.600908
-72.838619
74.742183
-80.721577
5.487727
-81.854222
18.505346
26.129251
-73.146810
-0.213226
55.855600
39.776552
96.176834
-64.621424
72.877468
25.302235
96.406497
87.166925
-17.597021
33.649027
68.234282
99.121870
51.437921
99.972767
-87.764244
17.325381
-60.822634
-99.578465
22.715928
-79.481364
8.088516
-0.983826
49.550931
-9.014181
-43.852281
-6.403848
72.651329
-3.410856
-21.308842
45.929399
20.669219
34.759512
99.706870
24.252856
56.366139
-86.887702
42.258284
97.226470
-44.798642
-76.342932
-8.175384
36.654075
57.482624
67.250572
-95.968208
70.894367
99.192667
-10.383059
-47.904730
