13.673751
60.923393
1.889376
24.007991
87.132871
66.221527
84.515760
-65.721134
4.274389
-18.257706
89.223156
-85.516489
-62.474775
18.661432
-9.880403
82.590049
5.029234
-45.773968
70.349326
-14.451430
20.695480
-21.425562
-66.066003
9.973011
42.555562
83.063075
-90.913562
-72.817993
-53.723998
-74.210984
-87.674920
-26.054434
0.277930
-50.301482
15.305777
-53.821935
94.046843
17.727321
-25.095153
70.047294
-79.593848
-26.522097
91.283951
-56.435038
-93.168751
-29.828070
69.119101
-47.520899
-0.787989
76.886200
14.073784
-39.016653
33.350925
-0.063810
-51.386235
15.499433
65.620036
-56.725409
30.904449
90.410402
-49.952896
60.586551
20.484301
10.329146
-57.580586
73.799120
80.108326
-34.484467
41.499035
2.035325
-41.429336
43.435793
-54.922012
53.690397
69.311547
-75.557045
80.604102
-70.601574
75.880715
-97.890858
-90.436729
95.822030
-24.513869
45.405538
-85.329206
11.239844
-78.358177
83.355129
32.570688
-99.658649
-19.022849
-89.420062
13.892357
72.829489
26.085977
-12.973587
46.143691
-0.805788
81.299418
10.866654
