00000000111
11111011010
11111101000
11111111011
00000000111
00000011111
00000010111
00000000101
00000010010
00000100111
00000100110
00000011010
00000110101
00001000111
00000100010
00000011011
11101011111
11010011010
11101110111
00000011011
00011000010
00110100000
00011000100
11111001111
11111000110
11111110001
00000100101
00000111000
00000110110
00000101101
00000011101
00000010100
11101001001
10110100111
10110110010
11101100111
00000111100
00001001000
00001010001
00000111001
00000011011
00000011101
00000111101
00001000110
11100110010
10101010110
10101100000
11111000011
01000001010
01100001111
00110101000
11000011001
10001000100
10001110011
10010110000
10011100101
10011110111
10011111011
10100100000
10100110110
10100011110
10100100110
10101011111
10101011001
10100100001
10100000101
10111000001
11101100010
00000111100
00000110101
00000101110
00000011110
00000000001
11100000110
11000010010
11110110110
01000100010
01011101000
01100011011
01010010001
00011011001
11111000011
11111001101
00000000011
00000110000
00000110000
00000100100
00001111111
00011001100
00010010110
11101111001
11001111111
11001101011
10110001110
10010100111
10110000010
11101100010
00000111110
00000100001
00000011111
00000001110
11111110110
11111101010
11111100100
11111101001
11111110101
11111110000
11111010001
11111010111
00000010110
00001010010
00001011011
00000101100
00000001000
00000000111
00000000001
00000011000
00001000110
00000101010
11111101000
00011011110
00111111110
00100011000
00000100110
00000111011
00000111100
00000101000
00000110101
00001000100
00000010100
11111100001
11111110100
00000010010
00000000011
00000000111
00000001110
11111100111
11111100110
00000101001
00001110111
00010000100
00001001110
00000100110
00000001110
00011101101
00111101011
00100000110
00000010011
00000100100
