010000000101111111001010101
010000001010111110001101011
010000001001000001101010110
010000000011010110001010001
010000001001011001010000010
010000001011100101111011101
010000001000101101000100100
010000001000101101100100011
010000001010010101010001011
010000001001010100011010110
010000001010110110000111010
010000001010010010001100000
010000000111001111110010110
010000000010110100110111001
010000001001111011001000110
010000001001100010100001100
010000000011111011101001101
010000000100011100001111111
010000001001111111100110000
010000000110111001111010101
010000001011101111000111001
010000001000110000110011011
010000000100010001010100100
010000001011001010100100110
010000001011101000010010010
010000000100100110100101011
010000000110110111101000101
010000001100000110000011100
010000000111000100100110000
010000000001101100010110000
010000001000100111101100001
010000000000010111010110001
010000000001010111000111100
010000000100001110111011101
010000000100011110001101101
010000000001011010011011001
010000000011011010001011000
010000001000000110011001110
010000000000110010101101000
010000000101110110110010110
010000000111011110101100111
010000000110010000011100111
010000001000100000000111110
010000000000101101101001000
010000001000000011101111101
010000000111110001100000111
010000000000100011100010100
010000001010111110100101110
010000000101110110111011010
