010000100000110010111100001
010000011111001011010100001
010000011100100000000100011
010000011010010110000011000
010000011010000100100001110
010000011001101100001111101
010000011000010001111000101
010000010111011101100101011
010000010111010110001000101
010000010110000011100110111
010000010110000011100011110
010000010101001111111110101
010000010011011110001000100
010000010001111111001100101
010000010011101111110100010
010000010011001010101011101
010000010001001011001001011
010000010001000000001111001
010000010010100100100101110
010000010001000110111000011
010000010010110110001110010
010000010001010010101101110
010000001111100110101001100
010000010010000001110111000
010000010010000111000111011
010000001110110011011101111
010000001111100010001111011
010000010001111010001000110
010000001111001010011010100
010000001100010000011011111
010000001111101111101011010
010000001011010011100101100
010000001011100111111101100
010000001100101101100011011
010000001100101110101011101
010000001011000010110011011
010000001011111011110011111
010000001110000010001101111
010000001010010101111101100
010000001100100110000111110
010000001101010011110000000
010000001100101000001100110
010000001101101111100110010
010000001001100101101100011
010000001101001100010100011
010000001100110110010101111
010000001001010001111100111
010000001111101100010010111
010000001011100111101100001
