001111111001001101011111010
010000000010101110011110100
001111111111011101110000000
001111110010010010111100111
010000000000010011001010011
010000000011101011100101110
001111111110011110010111111
001111111110011111111010001
010000000001101111011111110
010000000000001011101110001
010000000010100010000001011
010000000001101010110000001
001111111011001001100001111
001111110000101100100000001
010000000001000111010010100
010000000000100001011011000
001111110100000110010011111
001111110101101010100111011
010000000001001110001001011
001111111010100111110111111
010000000011111001101101101
001111111110101001110111000
001111110101001000111111010
010000000011000001100000001
010000000011101111001101100
001111110110001010011010110
001111111010100100010111010
010000000100011101000000100
001111111010111000010011001
001111101010011010101111000
001111111110001101110100001
001111011000111110101011101
001111101000011000000111000
001111110101000001101001000
001111110101110000101010010
001111101000101100011101110
001111110010011111010011011
001111111100100111011001011
001111100001110000000011011
001111111001000000100110110
001111111011100000011101110
001111111001101000000101001
001111111101110110100010000
001111100000110001101111100
001111111100011111001101111
001111111011111101011010000
001111011101101010110110110
010000000010101111000100001
001111111001000000110011111
001111111010100011110001001
001111101001000001001011011
001111111101001001010101110
001111010111010111000000100
001111101000100110011111011
010000000101000110110100011
001111101111101110011100001
001111111110010101001100000
001111111111011001010111001
010000000000101101010110001
001111111011010011100101010
001111110101111000000100000
010000000100110101111101110
001111111100011101000010100
010000000100111100110011110
001111111100100000011010101
001111110001101110001100101
010000000010011100100100110
001111011111111010110011010
001111111110001111011001100
001111111100110011100001011
010000000000110111010011110
010000000100011001011100100
010000000100011101011111101
010000000011111000110000110
010000000000101111011110110
001111110010101111001111001
001111111000110010010101111
010000000010010111010001110
001111111000011000011011000
001111111111011011001011011
001111101111111010100011110
001111111010010010000010000
010000000011100110001001111
010000000001000010001101010
001111111001010010001111100
001111111111010111100001011
010000000100000010110001000
010000000100010110100100111
001111110110111111101101000
001111111101000100000001111
010000000001000001001010010
001111101110111000010001001
001111111011000110111111010
001111110011101001000100000
010000000010011101011100010
010000000001001010110010000
010000000000110101000111000
001111101111101100101000000
001111111000010100011110111
001111110011010011101111100
