1.151348
2.681554
1.933107
0.643508
2.074857
2.920273
1.809323
1.812323
2.435538
2.045786
2.632898
2.417005
1.393613
0.543459
2.278475
2.130561
0.756163
0.854118
2.305266
1.327881
2.975444
1.831760
0.821279
2.755870
2.934424
0.885175
1.321023
3.113317
1.359961
0.325554
1.776982
0.070152
0.261773
0.814102
0.860022
0.271712
0.655571
1.576949
0.152357
1.126185
1.438410
1.203282
1.731507
0.137144
1.560973
1.494936
0.106794
2.683848
1.126584
1.319860
0.281825
1.643243
0.059998
0.268795
3.276639
0.491426
1.791382
1.924537
2.177134
1.413247
0.867249
3.210806
1.556719
3.237538
1.563313
0.607615
2.611619
0.124365
1.780078
1.600631
2.216054
3.099397
3.115218
2.971728
2.185473
0.671131
1.098324
2.590931
1.047700
1.928083
0.497343
1.285221
2.899041
2.258628
1.160633
1.920943
3.010806
3.088194
0.937210
1.632872
2.254532
0.464975
1.388651
0.727602
2.615012
2.292119
2.207461
0.490540
1.040006
0.706780
