010000010101101011000111101
010000100111001110110001100
001111111111000111010111000
010000011100000000010000010
010000101010111001000100000
010000101000010001110001011
010000101010100100001000000
110000101000001101110001001
010000001000100011000111110
110000011001001000001111110
010000101011001001110010010
110000101010101100001000011
110000100111100111100110001
010000011001010101001010100
110000010001111000010110001
010000101010010100101110000
010000001010000011101111011
110000100011011100011000100
010000101000110010110010110
110000010110011100111001000
010000011010010110010000010
110000011010101101100111100
110000101000010000100001110
010000010001111110010001011
010000100010101000111000111
010000101010011000100000010
110000101011010111010011101
110000101001000110100010110
110000100101011011100101010
110000101001010001101100000
110000101010111101011001100
110000011101000001101111011
001111101000111001001100110
110000100100100100110100101
010000010111010011100100011
110000100101011101001001101
010000101011110000010111111
010000011000110111010001100
110000011100100011000010110
010000101000110000011000001
110000101001111100110000000
110000011101010000101101010
010000101011011010010001011
110000100110000110111101011
110000101011101001010110011
110000011110111010011111111
010000101000101000111100111
110000100011111000010101011
101111110100100110111001101
010000101001100111000101101
010000010110000100101110001
110000100001110000010001000
010000100000010101100111010
101111011000001010101110110
110000100100110110001011100
010000010111011111111101101
010000101000001100111101011
110000100110001011100110110
010000011111011100111100010
010000101011010011010010001
110000100100011111001111110
010000100111001001011000101
010000011010001111011111110
010000010010010101000100001
110000100110011001010010100
010000101001001110011001001
010000101010000000110111011
110000100000100111110000000
010000100010010111111111000
010000000000001001000010110
110000100010010110110111101
010000100010110110111110010
110000100101101110110000001
010000100101011011000010111
010000101000101010011111100
110000101001011100011101001
010000101010000100110101010
110000101000110100110100000
010000101001011111000010111
110000101100001111001000000
110000101011010011011111100
010000101011111110100100111
110000011100010000011100011
010000100011010110011111010
110000101010101010101000100
010000010011001111010110011
110000101001110010110111011
010000101010011010110101110
010000100000001001001000011
110000101100011101010001001
110000011001100000101110110
110000101011001011010111000
010000010101111001000111000
010000101001000110101000101
010000011101000010110000000
110000010100111110010011110
010000100011100010010011001
101111110100111001001000001
010000101010001010011001010
010000010010110111011101110
