110000101011100000110111010
110000101000011101011001000
110000100000110111100010001
110000100000010010111100001
010000100011110111011011100
110000000100111011101100101
110000100011001111001100011
010000100000111010111111111
010000001011111010100011110
010000100001000000101110011
110000100000010101101000001
110000011001101111011100001
110000010001100000110011111
010000101011111000101011111
010000011101010111101010000
010000101011111001101100011
110000011100011100010011000
010000010000101111010001110
110000101011111000100010011
010000011111110010001100011
110000101011100010001001101
010000101001010000011111110
110000000010001011001011010
010000000100101001000010111
110000010011000110001111001
110000101011000010011110110
010000100000111011101101000
010000100110000010111101010
010000011100000000011001110
010000100110101010011010100
001111111100100110100001001
001111111101011001110110111
010000100010100111010101110
010000101100010100100110001
010000100001011010001010011
010000010111011111010011100
010000010101101110010011110
010000011110111100001010011
010000101011000010101001101
110000100000001010100011001
110000101011111111000001101
010000101000110111001100110
110000011100011101011000011
010000101010001110101001010
110000011110111110011001010
010000010011010001000110110
010000010110111010010101101
010000101010111001101110010
010000011101010011000111100
010000101000011001111011101
110000100100110101001110101
110000100010000101110001111
101111111110100000110000111
010000100101001100001010110
010000100000100001100001100
110000101001001111001111111
010000001110100101011110100
110000101011010110000111111
010000011001001111101001111
110000100100110111100100110
010000011010101010001000000
110000101011111010000011111
110000101011111101111111011
010000011100010011001000100
010000100111100110001000000
110000101001001101111101110
010000100111001000110111001
010000100001011110000011101
010000101010010001010101010
010000101010110010100111000
110000100010101011100000110
010000011100100111101101110
010000101001100100011101000
110000101001111110010010000
110000101100011111101000010
110000101001011111000010111
110000100010111011000101110
110000010110001111100010101
010000100110100111110001000
010000101001010010010011011
010000101010010111000101100
010000101000100010101001111
010000100000100101100000011
110000100110111011101101111
010000101000001111110000000
110000001101001111010101011
110000011001110100000010010
010000101010010010110110100
110000010000001011110000000
110000100101011000110111100
010000010100110000001011100
110000000110111010001100001
010000011001011100011111110
110000101000010111001011100
110000100100010010110001111
010000001010000010000101111
010000100111010010001101110
010000100110101000100001001
110000001000010101001001101
110000101010010100001001011
