010000101011011101000000110
110000101011000100011010000
110000010101000000011101110
010000100000100110100101101
010000101001110011000010100
010000010111011100000110110
010000100011101111001111111
010000101001101100010000100
110000011011111101110010001
010000100000100110111001110
010000100110001101000110001
010000101001010011001101101
110000101001100110011101010
010000011000000001101000111
010000100001100000110011011
010000101001010011001000100
110000010110111100101011001
010000100111101000001010100
010000001001111011011100101
010000100010010100111010000
110000100110100010101011011
110000101010101011111001010
010000100001101111000001000
110000101001101011010110111
010000101010010010011011011
110000101011010101111010010
010000011101000100000111111
010000100001011011000010101
110000010101000001011001010
010000101010011010110100010
010000100101100011010111100
010000010000110101000110010
010000011000000001010011010
010000101001101011101000100
110000011111101001010110001
010000100101101101100011010
010000011100001110011110100
110000101010010000111000000
110000011010010111110100011
010000011101100000010110110
010000100001100101110101001
010000101100011100000011101
010000100010001000110001101
010000011001001100101010100
010000100100101111011011101
110000011000010010111001110
110000101001100110010110110
010000101011010101011110100
110000100101110101101001100
110000100111100101001000011
110000101010001101111111001
110000010010011101001101100
110000101010101011111010011
110000100111010111000011001
010000100111011101111110100
110000100101111101000001110
110000101000010101000011000
010000101000010100100110000
010000100010001000010010000
110000100000111110111001001
110000100001011010000010111
110000100000101010010101100
010000000101111000011000110
010000101011011001001000000
010000101000101101001100100
110000011011000100000101011
010000101010100100001011101
110000011000001001001111110
010000011010011001111001111
110000101010101101011110111
010000100011010001111000101
110000010111100011000010101
010000101011100011011010110
110000100000010011111011101
110000100100101000110011010
010000101010101001101010010
110000101000011010011010011
110000001001001011010110101
010000101011001001111111111
110000101010001000100000011
110000100110100001111010101
010000101100010000100000000
010000101000011101110101111
010000101010101000101001011
110000011110010000100011110
010000100011001110111000111
010000101011001110010001001
010000011011110101110010011
001111111011010101000111110
110000101001101001101001011
010000010100111000000101000
101111111001101101000111001
110000010010011111011010010
110000100101000011110001010
010000011010001110101101100
010000010100100111100110101
110000101001001100000011001
110000101001001011101100010
110000100110011010011011001
010000100011101101000101000
